0 , 0 , 0 , 0 , 0
24 , 24 , 0 , 0 , 10524
48 , 48 , 0 , 0 , 19498
72 , 72 , 0 , 0 , 24859
96 , 96 , 3 , 3 , 49862
120 , 120 , 27 , 27 , 54742
144 , 144 , 51 , 51 , 56942
168 , 168 , 75 , 75 , 59586
192 , 192 , 99 , 99 , 66878
216 , 216 , 123 , 123 , 84390
240 , 240 , 147 , 147 , 86862
264 , 264 , 171 , 171 , 89797
288 , 288 , 189 , 189 , 99432
312 , 312 , 207 , 207 , 114240
336 , 336 , 231 , 231 , 118731
360 , 360 , 255 , 255 , 134496
384 , 386 , 279 , 280 , 151641
408 , 414 , 303 , 308 , 158115
432 , 438 , 327 , 332 , 160810
456 , 462 , 351 , 356 , 168720
480 , 486 , 373 , 378 , 171304
504 , 510 , 392 , 397 , 175571
528 , 534 , 416 , 421 , 184775
552 , 558 , 440 , 445 , 188840
576 , 582 , 464 , 469 , 199897
600 , 606 , 488 , 493 , 202545
624 , 630 , 512 , 517 , 213274
648 , 654 , 536 , 541 , 215735
672 , 678 , 560 , 565 , 219304
696 , 702 , 580 , 585 , 235755
720 , 726 , 602 , 607 , 254880
744 , 750 , 626 , 631 , 258607
768 , 774 , 650 , 655 , 284101
792 , 798 , 674 , 679 , 293159
816 , 822 , 698 , 703 , 304117
840 , 846 , 722 , 727 , 335903
864 , 870 , 746 , 751 , 339605
888 , 894 , 770 , 775 , 344225
912 , 918 , 794 , 799 , 347903
936 , 942 , 818 , 823 , 376278
960 , 966 , 842 , 847 , 387243
984 , 990 , 866 , 871 , 400834
1008 , 1014 , 890 , 895 , 415865
1032 , 1038 , 914 , 919 , 417765
1056 , 1063 , 938 , 944 , 430062
1080 , 1089 , 962 , 970 , 433814
1104 , 1113 , 986 , 994 , 438328
1128 , 1137 , 1010 , 1018 , 441022
1152 , 1161 , 1034 , 1042 , 443731
1176 , 1186 , 1058 , 1067 , 447131
1200 , 1210 , 1082 , 1091 , 482568
1224 , 1234 , 1106 , 1115 , 484459
1248 , 1258 , 1130 , 1139 , 487449
1272 , 1282 , 1154 , 1163 , 495780
1296 , 1306 , 1178 , 1187 , 499124
1320 , 1330 , 1202 , 1211 , 508863
1344 , 1354 , 1226 , 1235 , 518346
1368 , 1378 , 1250 , 1259 , 542031
1392 , 1407 , 1274 , 1288 , 555982
1416 , 1445 , 1298 , 1326 , 565488
