0 , 0 , 0 , 0 , 0
24 , 24 , 0 , 0 , 4236
48 , 48 , 0 , 0 , 9797
72 , 75 , 3 , 3 , 34127
96 , 100 , 15 , 15 , 43616
120 , 129 , 23 , 24 , 51840
144 , 153 , 47 , 48 , 55204
168 , 178 , 59 , 61 , 60685
192 , 206 , 83 , 89 , 66921
216 , 232 , 106 , 114 , 72208
240 , 269 , 126 , 142 , 81269
264 , 301 , 150 , 174 , 93825
288 , 325 , 174 , 198 , 121817
312 , 350 , 190 , 215 , 126644
336 , 382 , 214 , 247 , 140119
360 , 422 , 238 , 287 , 148158
384 , 461 , 262 , 326 , 161833
408 , 489 , 286 , 354 , 167472
432 , 513 , 310 , 378 , 169557
456 , 539 , 333 , 403 , 184831
480 , 564 , 357 , 428 , 202926
504 , 589 , 381 , 453 , 207948
528 , 613 , 405 , 477 , 224812
552 , 651 , 429 , 515 , 236241
576 , 680 , 453 , 544 , 242747
600 , 706 , 477 , 570 , 245302
624 , 731 , 501 , 595 , 251528
648 , 760 , 525 , 624 , 263493
672 , 785 , 549 , 649 , 267167
696 , 811 , 573 , 675 , 269838
720 , 847 , 597 , 711 , 281864
744 , 879 , 621 , 743 , 290993
768 , 910 , 645 , 774 , 298795
792 , 936 , 669 , 800 , 306287
816 , 975 , 693 , 839 , 317965
840 , 1010 , 717 , 874 , 320562
864 , 1043 , 741 , 907 , 323817
888 , 1077 , 765 , 941 , 329845
912 , 1115 , 789 , 979 , 334340
936 , 1145 , 813 , 1009 , 337850
960 , 1171 , 837 , 1035 , 344790
984 , 1203 , 861 , 1067 , 350241
1008 , 1249 , 885 , 1113 , 371390
1032 , 1291 , 909 , 1155 , 385842
1056 , 1331 , 933 , 1195 , 392410
1080 , 1370 , 957 , 1234 , 405118
1104 , 1410 , 981 , 1274 , 414915
1128 , 1463 , 1005 , 1327 , 434860
1152 , 1506 , 1029 , 1370 , 445813
1176 , 1552 , 1053 , 1416 , 458000
1200 , 1586 , 1077 , 1450 , 469396
1224 , 1611 , 1101 , 1475 , 472166
1248 , 1635 , 1125 , 1499 , 483959
1272 , 1672 , 1149 , 1536 , 492615
1296 , 1701 , 1173 , 1565 , 497019
1320 , 1731 , 1197 , 1595 , 501240
1344 , 1766 , 1221 , 1630 , 515998
1368 , 1810 , 1245 , 1674 , 534130
1392 , 1852 , 1269 , 1716 , 550738
1416 , 1888 , 1293 , 1752 , 568044
1440 , 1927 , 1317 , 1791 , 585396
1464 , 1959 , 1341 , 1823 , 592512
1488 , 1992 , 1365 , 1856 , 610575
1512 , 2036 , 1389 , 1900 , 618833
1536 , 2091 , 1413 , 1955 , 643371
1560 , 2125 , 1437 , 1989 , 648889
1584 , 2163 , 1461 , 2027 , 661981
1608 , 2199 , 1485 , 2063 , 676564
1632 , 2247 , 1509 , 2111 , 697675
1656 , 2294 , 1533 , 2158 , 714747
1680 , 2330 , 1557 , 2194 , 722838
1704 , 2369 , 1581 , 2233 , 732284
1728 , 2402 , 1605 , 2266 , 743019
1752 , 2450 , 1629 , 2314 , 759799
1776 , 2493 , 1653 , 2357 , 777983
1800 , 2523 , 1677 , 2387 , 794480
1824 , 2561 , 1701 , 2425 , 812534
1848 , 2586 , 1725 , 2450 , 820560
1872 , 2624 , 1749 , 2488 , 840256
1896 , 2654 , 1773 , 2518 , 863250
1920 , 2685 , 1797 , 2549 , 875142
1944 , 2721 , 1821 , 2585 , 903737
1968 , 2752 , 1845 , 2616 , 929089
1992 , 2794 , 1869 , 2658 , 948175
2016 , 2826 , 1893 , 2690 , 959727
2040 , 2868 , 1917 , 2732 , 980440
2064 , 2896 , 1941 , 2760 , 993746
2088 , 2920 , 1965 , 2784 , 1005227
2112 , 2944 , 1989 , 2808 , 1009270
2136 , 2973 , 2013 , 2837 , 1018577
2160 , 3001 , 2037 , 2865 , 1025465
2184 , 3028 , 2061 , 2892 , 1049052
2208 , 3052 , 2085 , 2916 , 1052890
2232 , 3076 , 2109 , 2940 , 1064728
2256 , 3100 , 2133 , 2964 , 1080530
2280 , 3124 , 2157 , 2988 , 1096676
2304 , 3148 , 2181 , 3012 , 1108307
2328 , 3172 , 2205 , 3036 , 1112798
2352 , 3196 , 2229 , 3060 , 1130929
2376 , 3220 , 2253 , 3084 , 1140594
2400 , 3244 , 2277 , 3108 , 1149851
2424 , 3268 , 2301 , 3132 , 1164875
2448 , 3292 , 2325 , 3156 , 1191232
2472 , 3316 , 2349 , 3180 , 1219171
2496 , 3340 , 2373 , 3204 , 1233569
2520 , 3364 , 2397 , 3228 , 1248804
2544 , 3388 , 2421 , 3252 , 1274477
2568 , 3412 , 2445 , 3276 , 1280745
2592 , 3436 , 2469 , 3300 , 1285535
2616 , 3460 , 2493 , 3324 , 1297097
2640 , 3484 , 2517 , 3348 , 1305515
2664 , 3508 , 2541 , 3372 , 1319937
2688 , 3532 , 2565 , 3396 , 1322687
2712 , 3556 , 2589 , 3420 , 1325184
2736 , 3580 , 2613 , 3444 , 1331460
2760 , 3604 , 2637 , 3468 , 1341750
2784 , 3628 , 2661 , 3492 , 1347921
2808 , 3652 , 2685 , 3516 , 1355978
2832 , 3676 , 2709 , 3540 , 1365752
2856 , 3700 , 2733 , 3564 , 1393876
2880 , 3724 , 2757 , 3588 , 1405515
2904 , 3748 , 2781 , 3612 , 1408361
2928 , 3772 , 2805 , 3636 , 1414203
2952 , 3796 , 2829 , 3660 , 1434472
2976 , 3820 , 2853 , 3684 , 1459163
3000 , 3844 , 2877 , 3708 , 1463602
3024 , 3868 , 2901 , 3732 , 1479788
3048 , 3892 , 2925 , 3756 , 1503131
3072 , 3916 , 2949 , 3780 , 1506579
3096 , 3940 , 2973 , 3804 , 1512729
3120 , 3964 , 2997 , 3828 , 1532599
3144 , 3988 , 3021 , 3852 , 1537035
3168 , 4012 , 3045 , 3876 , 1560616
3192 , 4036 , 3069 , 3900 , 1572917
3216 , 4060 , 3093 , 3924 , 1580942
3240 , 4084 , 3117 , 3948 , 1594975
3264 , 4108 , 3141 , 3972 , 1642359
3288 , 4132 , 3165 , 3996 , 1658060
3312 , 4156 , 3189 , 4020 , 1666902
3336 , 4180 , 3213 , 4044 , 1688304
3360 , 4204 , 3237 , 4068 , 1691238
3384 , 4228 , 3261 , 4092 , 1698408
3408 , 4252 , 3285 , 4116 , 1701006
3432 , 4276 , 3309 , 4140 , 1706059
