0 , 0 , 0 , 0 , 0
24 , 24 , 0 , 0 , 3614
48 , 48 , 0 , 0 , 24386
72 , 72 , 0 , 0 , 26795
96 , 96 , 18 , 18 , 44483
120 , 120 , 40 , 40 , 57957
144 , 144 , 64 , 64 , 72138
168 , 173 , 88 , 93 , 82773
192 , 197 , 112 , 117 , 89954
216 , 221 , 136 , 141 , 95586
240 , 245 , 160 , 165 , 114197
264 , 269 , 184 , 189 , 118258
288 , 295 , 208 , 215 , 120809
312 , 319 , 232 , 239 , 122595
336 , 343 , 256 , 263 , 133850
360 , 367 , 280 , 287 , 151489
384 , 391 , 304 , 311 , 154704
408 , 415 , 328 , 335 , 156681
432 , 439 , 352 , 359 , 161683
456 , 463 , 376 , 383 , 167633
480 , 487 , 395 , 402 , 176687
504 , 511 , 397 , 404 , 178905
528 , 535 , 399 , 406 , 181122
552 , 559 , 399 , 406 , 187487
576 , 583 , 399 , 406 , 197256
596 , 603 , 399 , 406 , 199425
596 , 603 , 399 , 406 , 199425
601 , 608 , 399 , 406 , 199789
611 , 618 , 399 , 406 , 214898
635 , 642 , 399 , 406 , 217298
659 , 666 , 405 , 412 , 222768
680 , 687 , 405 , 412 , 225657
680 , 687 , 405 , 412 , 225657
681 , 688 , 405 , 412 , 226322
691 , 698 , 405 , 412 , 227129
701 , 708 , 405 , 412 , 230843
701 , 708 , 405 , 412 , 230843
711 , 718 , 405 , 412 , 234314
715 , 722 , 405 , 412 , 234722
725 , 732 , 405 , 412 , 235690
725 , 732 , 405 , 412 , 235690
725 , 732 , 405 , 412 , 235690
727 , 734 , 405 , 412 , 238233
727 , 734 , 405 , 412 , 238233
728 , 735 , 405 , 412 , 239717
749 , 756 , 405 , 412 , 260236
773 , 780 , 410 , 417 , 264918
797 , 804 , 432 , 439 , 283261
821 , 828 , 442 , 449 , 303237
845 , 852 , 453 , 460 , 305711
869 , 876 , 474 , 481 , 310711
893 , 900 , 496 , 503 , 338273
917 , 924 , 520 , 527 , 348325
941 , 948 , 544 , 551 , 357099
965 , 972 , 568 , 575 , 362143
989 , 996 , 592 , 599 , 373749
1013 , 1020 , 616 , 623 , 388637
1037 , 1044 , 640 , 647 , 390879
1061 , 1068 , 664 , 671 , 406357
1085 , 1095 , 685 , 692 , 413206
1109 , 1119 , 709 , 716 , 424280
1133 , 1143 , 733 , 740 , 426484
1157 , 1167 , 757 , 764 , 432930
1181 , 1191 , 781 , 788 , 443461
1205 , 1215 , 796 , 803 , 453846
