0 , 0 , 0 , 0 , 0
24 , 24 , 0 , 0 , 3706
48 , 48 , 0 , 0 , 24535
72 , 72 , 0 , 0 , 26981
96 , 96 , 18 , 18 , 44759
120 , 120 , 40 , 40 , 58493
144 , 144 , 64 , 64 , 72954
168 , 168 , 88 , 88 , 83483
192 , 197 , 112 , 117 , 90593
216 , 221 , 136 , 141 , 96352
240 , 245 , 160 , 165 , 115036
264 , 271 , 184 , 191 , 118967
288 , 295 , 208 , 215 , 121727
312 , 319 , 232 , 239 , 123489
336 , 343 , 256 , 263 , 134930
360 , 367 , 280 , 287 , 152743
384 , 391 , 304 , 311 , 156017
408 , 415 , 328 , 335 , 157991
432 , 439 , 352 , 359 , 162899
456 , 463 , 376 , 383 , 168838
480 , 487 , 399 , 406 , 177937
504 , 511 , 413 , 420 , 180162
528 , 535 , 421 , 428 , 182352
552 , 559 , 425 , 432 , 188659
576 , 583 , 430 , 437 , 198725
596 , 603 , 435 , 442 , 200925
596 , 603 , 435 , 442 , 200925
601 , 608 , 435 , 442 , 201268
601 , 608 , 435 , 442 , 201268
611 , 618 , 435 , 442 , 216388
635 , 642 , 435 , 442 , 218786
659 , 666 , 442 , 449 , 224360
680 , 687 , 442 , 449 , 227208
680 , 687 , 442 , 449 , 227208
681 , 688 , 442 , 449 , 227862
681 , 688 , 442 , 449 , 227862
691 , 698 , 442 , 449 , 228671
701 , 708 , 442 , 449 , 232365
701 , 708 , 442 , 449 , 232365
711 , 718 , 442 , 449 , 235784
715 , 722 , 442 , 449 , 236210
725 , 732 , 442 , 449 , 237183
725 , 732 , 442 , 449 , 237183
725 , 732 , 442 , 449 , 237183
727 , 734 , 442 , 449 , 239578
727 , 734 , 442 , 449 , 239578
728 , 735 , 442 , 449 , 241051
738 , 745 , 442 , 449 , 257761
762 , 769 , 448 , 455 , 262330
786 , 793 , 462 , 469 , 283149
810 , 817 , 476 , 483 , 287976
834 , 841 , 491 , 498 , 305172
858 , 865 , 502 , 509 , 309585
882 , 889 , 518 , 525 , 313062
906 , 913 , 539 , 546 , 345011
930 , 937 , 563 , 570 , 355926
954 , 961 , 587 , 594 , 360042
978 , 985 , 611 , 618 , 366359
1002 , 1009 , 635 , 642 , 387703
1026 , 1033 , 659 , 666 , 389988
1050 , 1057 , 683 , 690 , 405632
1074 , 1081 , 707 , 714 , 408734
1098 , 1105 , 731 , 738 , 416876
1122 , 1129 , 755 , 762 , 422200
1146 , 1156 , 771 , 778 , 431799
1170 , 1180 , 782 , 789 , 436196
1194 , 1204 , 804 , 811 , 445094
